Atom 36 
Lmax 2
S 26  8
       111199310.00 
       23409280.000 
       5579605.1000 
       1494615.6000 
       446067.60000 
       146885.58000 
       52804.705000    
       20496.845000   
       8495.7195000 
       3719.9372000 
       1703.4031000 
       808.33246000 
       394.36173000 
       196.47296000 
       99.405303000 
       50.851111000 
       26.211822000 
       13.579842000 
       7.0582189000 
       3.6757392000 
       1.9163573000 
      0.99967963000 
      0.52163173000 
      0.27221705000 
      0.14206344000 
      0.07414004800
P 20 18
       52804.705000  
       20496.845000  
       8495.7195000  
       3719.9372000 
       1703.4031000 
       808.33246000 
       394.36173000 
       196.47296000 
       99.405303000 
       50.851111000 
       26.211822000 
       13.579842000 
       7.0582189000 
       3.6757392000 
       1.9163573000 
      0.99967963000 
      0.52163173000 
      0.27221705000 
      0.14206344000 
      0.07414004800
D 14 10
       1703.4031000 
       808.33246000 
       394.36173000 
       196.47296000 
       99.405303000 
       50.851111000 
       26.211822000 
       13.579842000 
       7.0582189000
       3.6757392000 
       1.9163573000 
      0.99967963000 
      0.52163173000 
      0.27221705000 
